00010000011111
00011010111110
00010001010011
00010000111110
10111011000111
00010100111100
00010001000001
00011010111001
01000100110001
00010011100010
10111010111100
00010001000101
00111001000000
00001011100100
10000000000000
10101000100000
10101011001001
00010101101011
00111000110101
00011011100100
01011111110011
10111010000010
10111011000100
10110001000001
00000100111100
00001010101010
10110000100011
01000000110000
10111000011010
10110100111011
01010101011000
00110000010100
11110100010001
00010010000110
00111010111000
10110001100001
00111100000000
10011011111111
10110001100101
11110010100110
00101001111110
10100101010100
11000110010001
10100100101111
11111110001001
10111010010110
11111110110010
00010010010101
00010000111111
00001110100000
00111000100101
00010000000110
11111110111000
10111111101011
00000001000001
00011111101010
01010100100100
00000010011001
11110100010010
00000010011011
00101001000110
10111111011001
00111100110010
10101000001111
01000101101100
11111110110011
00101010001011
00001110001000
00011110001001
10010001011110
11111110000000
11110011101010
10010110000001
00001110001100
11011001110000
11111010111010
11101100000010
01010100010010
01000110011110
00110100110001
00011111101010
00101100101011
01110101011110
11101000111000
11101010110111
00101100110101
01110111011000
01011001011100
11101110100001
00001111000001
11000110010011
00001001011010
11101111111111
10111011000001
10010010110010
00000001111101
00011011101111
10100010110000
00010001010100
10110000111000
10010110101100
00010101111101
10110000110110
11110010101011
01000110001011
10110010110100
11000110110101
00101010101110
10000011001010
10110011111001
10010000101001
10101001111100
10000010010000
10010100100101
00111000000101
10101000001000
11011110001110
10101011101101
00111000010101
00100100000111
00011111001110
10110010100010
01110100100101
11110011011010
10010100100100
00110001110001
11011100011100
11010010111011
00100011010011
00001001000111
11111100010011
00001010100111
10010110101011
00100011110001
10111010111101
11110010111100
00010001110101
00000101001010
11010010011011
00001101000100
01000100100000
11111010110010
11000100010110
00000010001000
01011010011101
10001100000000
00110011000010
11110000010100
01000001110011
00001111000110
11110100010011
01001100101001
11101100101101
10101001001000
10001001101011
00101001001000
00101001011101
00000011010001
10110110010111
10100010111110
00111000101010
11011101111010
10010100111101
10111101110010
00001100111001
11001010000010
01101111100110
11001111110011
01100111100001
10011000010111
00111111100011
00010011110010
00001101001011
11001010001011
00100001100110
11001100111011
01100110010111
00110110011001
00010010010011
00000010100111
01010010101101
00100100111101
00100011010010
01100010010100
01100111101111
00001111101111
01010110000111
00010000011011
11101010100001
00111010010010
00011011110000
01011010101111
10010010001101
10101011110100
11101110000110
10111110010101
00011010110100
00010101010000
01010100110001
10111000011111
01010000110001
00010110011110
00110010111100
01010001100101
01111111100000
00010001011111
01000100111000
10010111001110
00001011110010
00000100000101
11110111100010
10111001111100
01001011001001
10011111010111
00100111110111
11111011111101
01111000110011
01000001011111
01011100110011
11101010011110
01011000011111
10011111110101
01010101100100
11010001101001
01110010100011
00000011001000
11001010001110
01001011000011
00111110101010
01110001110111
11110111001110
11011000000010
01100011001100
10011011110111
01000111010101
01001110001100
00111100100000
00101001110100
10110100100000
11110011011110
10111010000000
11111110101101
11010100110001
00010111011010
00001111000011
10000100010011
01101101110100
11101101111010
11011001000101
10111111001111
00111100111101
01011001111010
01000010001000
11111110111110
11001010011011
01101110011010
00011101110100
01100000100111
10011000010100
11001101101011
01100111101010
00001110010100
00011001110011
00010011011001
11101010100101
10010100011110
00110110001011
01011011100011
11011100001011
01000101001000
11101100110011
00010000111000
00011010111011
00101101011101
00010001011011
10111010111101
11101000111000
00011000101100
00011010001000
01101000101011
10001011110100
10110101000110
11101101010010
00101000100110
11101011111011
00101010110101
10111001010010
01011011000100
10001001110110
00100011001101
11111011001011
00000101100000
00011101100010
01000101010000
01011100100010
11010100101110
00000011011101
10011100001110
10010001001101
00111001111101
01000110000110
10001100111011
10101000110100
00110110010101
01001101100000
00100100111001
01011101101001
10011010000010
01100001110000
10001011001000
00110101000001
01100100010111
00110110010111
01101011101101
00100011101011
01000010010011
11011100110111
00000001000100
01110111101010
00011111000110
00011111011000
00011100100101
11100000101100
11111000101000
11011010011001
11100111001101
01111110101010
01110011010010
10001011010110
10011011100110
01001001101000
00100110100110
00101111001010
11011100101011
01010001011101
11010011001010
00010101000101
01011110011110
11110000000100
01011100001101
10110110000001
11111111010111
10010001100111
11011000001111
00001001010110
10011010101010
01001001100100
10000100100100
00111111011100
11011100001010
11000011000010
11000110001110
00001111111011
11111100000010
10110100010001
11101110111011
00110000011011
11111111101010
00011000011010
00111010101011
00001010000001
10010010000011
10011110000110
10111011100101
10111100110011
01111110100000
